[
  [
    0.0,
    406.6366859616323,
    72.59487462378839,
    43.67056040438603,
    486.945828508299,
    506.6650470840879,
    99.17065214913158,
    72.80375983576336,
    73.42806989177558,
    102.12658382636359,
    132.6486188332743,
    414.5778303163786,
    225.4128878157094,
    195.32317705044417,
    447.56486679322154,
    62.88433560050939,
    416.038811435199,
    338.244071819982,
    206.22274135541682,
    172.97717716968052,
    143.3638628630474,
    142.80533248652182,
    530.9017465516287,
    82.10935485668246,
    328.52618503547416,
    70.88590497479487,
    252.9595730320266,
    8.476148479814519,
    240.31548760164702,
    83.46745801569,
    242.53196647086406
  ],
  [
    406.6366859616323,
    0.0,
    465.32217716504323,
    421.57603859243414,
    325.5961888935369,
    336.4990995212644,
    441.5192321410803,
    396.60743148930845,
    428.04602849612394,
    305.1223737352832,
    394.3673362937646,
    30.680130687889967,
    213.06697623403517,
    291.604468206941,
    289.60428410942137,
    460.40823879130886,
    191.43655247381832,
    426.35063705232244,
    207.11429349577654,
    234.20173044811628,
    353.25230640210344,
    289.3921214943632,
    572.8989844999733,
    345.17290484348194,
    582.1058227005938,
    377.9430178535889,
    176.27777178652138,
    410.5029728937158,
    474.72935036087057,
    481.38163451998605,
    268.6471753268878
  ],
  [
    72.59487462378839,
    465.32217716504323,
    0.0,
    43.74782775275737,
    503.994075347292,
    523.6126034213725,
    59.85578571907182,
    137.47530724575435,
    48.707509874796436,
    162.1524818548957,
    195.915957549078,
    475.9759128077149,
    295.41709843503247,
    219.0380342070911,
    467.75563326116077,
    80.41542217700757,
    450.61139158204736,
    323.100266890805,
    272.18203775458,
    231.80575414360808,
    213.19609093768108,
    214.60938416164853,
    506.92894395591566,
    154.6923389828789,
    273.86695398001024,
    140.72251067312538,
    301.01839645763516,
    74.86809844829355,
    201.8780776408785,
    87.61714160627557,
    315.12338204379574
  ],
  [
    43.67056040438603,
    421.57603859243414,
    43.74782775275737,
    0.0,
    470.57104812902924,
    490.2771746007022,
    55.603944225284714,
    116.40402269697569,
    30.176843420806176,
    118.94012912033256,
    176.2896776653527,
    432.344569239928,
    254.8877340395242,
    181.50674002160935,
    432.98710629134666,
    86.04694470172548,
    410.89530393104974,
    305.00672560396094,
    229.67584912548966,
    188.16455537194796,
    185.97083051076152,
    176.71922792324992,
    494.88788625892676,
    120.41969632357525,
    284.9204111882381,
    114.02349582001756,
    257.9445423529886,
    50.13712777569432,
    198.8188005602747,
    101.8000839253948,
    280.0765256156745
  ],
  [
    486.945828508299,
    325.5961888935369,
    503.994075347292,
    470.57104812902924,
    0.0,
    19.730284150701024,
    450.0245521858176,
    525.6195245220238,
    455.293737110777,
    408.906325127904,
    559.4896329962712,
    356.14602745544283,
    433.40459457079646,
    291.6250974626368,
    43.48826320907238,
    549.272923341378,
    134.91989764238835,
    244.0307907986487,
    394.6148646662635,
    366.7202102438723,
    530.82750635021,
    458.4997277138504,
    287.55963244013185,
    478.2590757379095,
    444.9735465194038,
    507.6443770367719,
    282.5119223938011,
    494.8242464864458,
    376.35229831628453,
    568.6855793251988,
    509.4640181094617
  ],
  [
    506.6650470840879,
    336.4990995212644,
    523.6126034213725,
    490.2771746007022,
    19.730284150701024,
    0.0,
    469.50436296555955,
    545.1179581707485,
    474.91626357305705,
    428.3254373431875,
    578.6385122351066,
    366.87938752261863,
    450.6726144725012,
    311.34617381239826,
    61.83463241046413,
    569.0001238156938,
    147.57991278386075,
    259.865318357851,
    412.40127316274476,
    385.44037266341513,
    549.6864172353818,
    477.19771954957946,
    291.5372850061667,
    497.5973410529117,
    460.46359596984286,
    527.0983176774971,
    300.4897978286871,
    514.5389402419605,
    394.04530456622524,
    588.4158245485264,
    526.635937757809
  ],
  [
    99.17065214913158,
    441.5192321410803,
    59.85578571907182,
    55.603944225284714,
    450.0245521858176,
    469.50436296555955,
    0.0,
    171.96588997796647,
    25.934804836575232,
    152.79098738139845,
    231.8168459361191,
    455.5746039884265,
    294.3104910438897,
    173.3065288442686,
    415.28689917565083,
    133.80954608294147,
    405.89211355622325,
    263.2496326841059,
    263.34101040644293,
    214.8215421722225,
    239.83096214285453,
    222.39011467732544,
    447.9023524917976,
    171.35340049924451,
    229.3555891796661,
    168.76312620894828,
    269.5987053225295,
    105.73281953782434,
    145.73333782614355,
    144.9659893064301,
    327.8219214659125
  ],
  [
    72.80375983576336,
    396.60743148930845,
    137.47530724575435,
    116.40402269697569,
    525.6195245220238,
    545.1179581707485,
    171.96588997796647,
    0.0,
    146.22667719865203,
    117.32143557106683,
    59.91451579887975,
    399.1850559802873,
    193.8622237215957,
    239.02247865490028,
    484.19768756851283,
    77.84260481974782,
    439.20629255251595,
    400.75225565259217,
    189.49313854138708,
    176.13972264241303,
    77.88351524618027,
    109.02477665434726,
    595.6330652506799,
    52.98299851483995,
    401.31675300920045,
    19.46560828737107,
    266.19710979243337,
    66.49664197159049,
    311.8247029837326,
    94.53640755658029,
    189.87939320415822
  ],
  [
    73.42806989177558,
    428.04602849612394,
    48.707509874796436,
    30.176843420806176,
    455.293737110777,
    474.91626357305705,
    25.934804836575232,
    146.22667719865203,
    0.0,
    132.4896938884245,
    206.02628504409537,
    440.74114180348795,
    272.8110551383329,
    171.23813503785962,
    419.0781803353026,
    112.7537746024226,
    403.526867840992,
    279.4551213972174,
    243.86622234382327,
    197.79124168625845,
    213.9783110897628,
    198.6065103512445,
    467.3505781935251,
    146.00627074985823,
    255.16574270162718,
    142.82832514188897,
    259.1645769686453,
    80.22032079084113,
    168.95368861811872,
    126.15070449101756,
    303.5675166215766
  ],
  [
    102.12658382636359,
    305.1223737352832,
    162.1524818548957,
    118.94012912033256,
    408.906325127904,
    428.3254373431875,
    152.79098738139845,
    117.32143557106683,
    132.4896938884245,
    0.0,
    153.80258002015017,
    314.3323510111171,
    141.89309371456935,
    128.2476848770319,
    367.1885085251376,
    160.38422159689952,
    323.15978562106505,
    307.0023197501327,
    111.46967466348245,
    71.00116387462229,
    134.41637575282869,
    81.50983802653836,
    502.71965815216845,
    70.01056682360647,
    358.631682171501,
    98.87150613760166,
    153.43571907871168,
    106.86550303135837,
    253.205656173782,
    181.74568038616738,
    185.05173949391164
  ],
  [
    132.6486188332743,
    394.3673362937646,
    195.915957549078,
    176.2896776653527,
    559.4896329962712,
    578.6385122351066,
    231.8168459361191,
    59.91451579887975,
    206.02628504409537,
    153.80258002015017,
    0.0,
    392.30920575886773,
    182.23320493025727,
    281.645658723104,
    516.9914089246485,
    127.23952917811424,
    462.5537762254688,
    452.7771346046177,
    192.18638015408547,
    196.32306673100146,
    41.89275572354393,
    109.58864191352718,
    648.5331023866823,
    84.33092867553263,
    461.1715052436641,
    66.01856961630637,
    287.18019361708787,
    126.40697025476899,
    370.40581395803025,
    138.28640649532775,
    155.40531383596849
  ],
  [
    414.5778303163786,
    30.680130687889967,
    475.9759128077149,
    432.344569239928,
    356.14602745544283,
    366.87938752261863,
    455.5746039884265,
    399.1850559802873,
    440.74114180348795,
    314.3323510111171,
    392.30920575886773,
    0.0,
    210.07815935711702,
    311.9947285968083,
    320.28045867932053,
    465.9848138597928,
    222.09645226655795,
    453.37852979602116,
    210.75320973653447,
    244.18015911495075,
    350.67286526939483,
    290.62361404886747,
    602.7070809807914,
    348.96795889602265,
    604.5950159554363,
    381.01287762508787,
    195.6716120594514,
    417.8906583693084,
    496.29380224321,
    486.6566006016357,
    258.61284294811185
  ],
  [
    225.4128878157094,
    213.06697623403517,
    295.41709843503247,
    254.8877340395242,
    433.40459457079646,
    450.6726144725012,
    294.3104910438897,
    193.8622237215957,
    272.8110551383329,
    141.89309371456935,
    182.23320493025727,
    210.07815935711702,
    0.0,
    221.6706073633239,
    390.0117704253982,
    266.66498015640497,
    314.53000611086173,
    408.0441678684961,
    45.49090809677025,
    99.63353345669056,
    140.6582072053005,
    85.65668284928857,
    595.8367562185871,
    148.34654829754302,
    494.8415923270341,
    177.20991533104032,
    153.2768507832415,
    226.3491390092078,
    386.2207578346457,
    286.05753931978114,
    76.1647349605446
  ],
  [
    195.32317705044417,
    291.604468206941,
    219.0380342070911,
    181.50674002160935,
    291.6250974626368,
    311.34617381239826,
    173.3065288442686,
    239.02247865490028,
    171.23813503785962,
    128.2476848770319,
    281.645658723104,
    311.9947285968083,
    221.6706073633239,
    0.0,
    252.56806002216317,
    257.70501753248817,
    232.7359545010976,
    187.66749752747344,
    176.7183436017153,
    122.75908728706459,
    261.91155480845396,
    199.47031351633805,
    380.28243290514973,
    197.35933670951826,
    294.4435978438629,
    222.54164414617702,
    116.40481915859667,
    203.22769132907533,
    184.88238556339294,
    277.3212803708309,
    287.69448647002366
  ],
  [
    447.56486679322154,
    289.60428410942137,
    467.75563326116077,
    432.98710629134666,
    43.48826320907238,
    61.83463241046413,
    415.28689917565083,
    484.19768756851283,
    419.0781803353026,
    367.1885085251376,
    516.9914089246485,
    320.28045867932053,
    390.0117704253982,
    252.56806002216317,
    0.0,
    510.1626522102474,
    98.3071120797085,
    228.29062033440843,
    351.127299423549,
    323.6057441133915,
    487.865538036198,
    415.36411682591074,
    302.6140519306648,
    436.2463662081206,
    428.41060946133035,
    466.0333216198566,
    239.02881073974595,
    455.3155996548093,
    351.8162774631127,
    529.8827957243152,
    466.09681694418646
  ],
  [
    62.88433560050939,
    460.40823879130886,
    80.41542217700757,
    86.04694470172548,
    549.272923341378,
    569.0001238156938,
    133.80954608294147,
    77.84260481974782,
    112.7537746024226,
    160.38422159689952,
    127.23952917811424,
    465.9848138597928,
    266.66498015640497,
    257.70501753248817,
    510.1626522102474,
    0.0,
    478.5658483710515,
    391.03035157350763,
    255.33940726629567,
    229.5945249826856,
    154.67626023350766,
    181.02808324945946,
    580.0917826477962,
    118.57005447425558,
    354.2334343919817,
    90.62819355366936,
    313.3762379869791,
    55.70002139615053,
    279.39716348917943,
    21.36228686081903,
    267.7001899963734
  ],
  [
    416.038811435199,
    191.43655247381832,
    450.61139158204736,
    410.89530393104974,
    134.91989764238835,
    147.57991278386075,
    405.89211355622325,
    439.20629255251595,
    403.526867840992,
    323.15978562106505,
    462.5537762254688,
    222.09645226655795,
    314.53000611086173,
    232.7359545010976,
    98.3071120797085,
    478.5658483710515,
    0.0,
    281.31587823381597,
    281.09659148352955,
    266.39486532290607,
    428.7529119137262,
    355.1262980250474,
    392.8283144583512,
    387.74559012685097,
    470.04808586602417,
    420.03569776687783,
    175.37737406007,
    422.88309001082,
    377.4265680768322,
    499.4625247590932,
    389.0740412368093
  ],
  [
    338.244071819982,
    426.35063705232244,
    323.100266890805,
    305.00672560396094,
    244.0307907986487,
    259.865318357851,
    263.2496326841059,
    400.75225565259217,
    279.4551213972174,
    307.0023197501327,
    452.7771346046177,
    453.37852979602116,
    408.0441678684961,
    187.66749752747344,
    228.29062033440843,
    391.03035157350763,
    281.31587823381597,
    0.0,
    362.65876176528445,
    310.145810471452,
    440.5338891062488,
    384.43613826831853,
    196.0135399912205,
    370.286513729046,
    201.03590819963966,
    388.15027370912134,
    277.5034172248471,
    346.6783015816523,
    144.63554737202244,
    405.5621234727044,
    475.3573375245231
  ],
  [
    206.22274135541682,
    207.11429349577654,
    272.18203775458,
    229.67584912548966,
    394.6148646662635,
    412.40127316274476,
    263.34101040644293,
    189.49313854138708,
    243.86622234382327,
    111.46967466348245,
    192.18638015408547,
    210.75320973653447,
    45.49090809677025,
    176.7183436017153,
    351.127299423549,
    255.33940726629567,
    281.09659148352955,
    362.65876176528445,
    0.0,
    56.247429870312146,
    153.43509306845078,
    83.50876052558401,
    550.4070812025855,
    138.36512732697958,
    454.769033618089,
    170.87576916299022,
    112.29174722483936,
    208.7535149938589,
    345.3193771499917,
    275.9317616286571,
    118.59772826547278
  ],
  [
    172.97717716968052,
    234.20173044811628,
    231.80575414360808,
    188.16455537194796,
    366.7202102438723,
    385.44037266341513,
    214.8215421722225,
    176.13972264241303,
    197.79124168625845,
    71.00116387462229,
    196.32306673100146,
    244.18015911495075,
    99.63353345669056,
    122.75908728706459,
    323.6057441133915,
    229.5945249826856,
    266.39486532290607,
    310.145810471452,
    56.247429870312146,
    0.0,
    164.50845780493893,
    91.78297630309335,
    500.73390218247283,
    123.3661284287926,
    398.8838768667884,
    156.6781998830165,
    91.21927174278692,
    177.3735616948639,
    289.24213292545625,
    250.90440944524133,
    165.5840222794674
  ],
  [
    143.3638628630474,
    353.25230640210344,
    213.19609093768108,
    185.97083051076152,
    530.82750635021,
    549.6864172353818,
    239.83096214285453,
    77.88351524618027,
    213.9783110897628,
    134.41637575282869,
    41.89275572354393,
    350.67286526939483,
    140.6582072053005,
    261.91155480845396,
    487.865538036198,
    154.67626023350766,
    428.7529119137262,
    440.5338891062488,
    153.43509306845078,
    164.50845780493893,
    0.0,
    73.63138680608259,
    636.4924473658244,
    72.76161124663192,
    467.3157573237937,
    72.67968406696043,
    253.75251095920015,
    139.0855014570596,
    370.6978120650662,
    169.217380897393,
    116.36405582778599
  ],
  [
    142.80533248652182,
    289.3921214943632,
    214.60938416164853,
    176.71922792324992,
    458.4997277138504,
    477.19771954957946,
    222.39011467732544,
    109.02477665434726,
    198.6065103512445,
    81.50983802653836,
    109.58864191352718,
    290.62361404886747,
    85.65668284928857,
    199.47031351633805,
    415.36411682591074,
    181.02808324945946,
    355.1262980250474,
    384.43613826831853,
    83.50876052558401,
    91.78297630309335,
    73.63138680608259,
    0.0,
    579.0942906525239,
    63.01286003893062,
    438.26766214867183,
    91.75342880930322,
    180.15223836549023,
    142.7659457129906,
    334.19638492222845,
    200.4141373991289,
    105.94472205771804
  ],
  [
    530.9017465516287,
    572.8989844999733,
    506.92894395591566,
    494.88788625892676,
    287.55963244013185,
    291.5372850061667,
    447.9023524917976,
    595.6330652506799,
    467.3505781935251,
    502.71965815216845,
    648.5331023866823,
    602.7070809807914,
    595.8367562185871,
    380.28243290514973,
    302.6140519306648,
    580.0917826477962,
    392.8283144583512,
    196.0135399912205,
    550.4070812025855,
    500.73390218247283,
    636.4924473658244,
    579.0942906525239,
    0.0,
    566.2780530960115,
    296.96923625497794,
    583.5938408774081,
    453.518837995383,
    539.2339008982101,
    308.39820214468756,
    592.7498845331187,
    666.2489249839639
  ],
  [
    82.10935485668246,
    345.17290484348194,
    154.6923389828789,
    120.41969632357525,
    478.2590757379095,
    497.5973410529117,
    171.35340049924451,
    52.98299851483995,
    146.00627074985823,
    70.01056682360647,
    84.33092867553263,
    348.96795889602265,
    148.34654829754302,
    197.35933670951826,
    436.2463662081206,
    118.57005447425558,
    387.74559012685097,
    370.286513729046,
    138.36512732697958,
    123.3661284287926,
    72.76161124663192,
    63.01286003893062,
    566.2780530960115,
    0.0,
    396.2999003708827,
    33.564005962310794,
    213.87360393065137,
    80.93060192561494,
    298.18185819758565,
    138.49095988308494,
    160.5028757044446
  ],
  [
    328.52618503547416,
    582.1058227005938,
    273.86695398001024,
    284.9204111882381,
    444.9735465194038,
    460.46359596984286,
    229.3555891796661,
    401.31675300920045,
    255.16574270162718,
    358.631682171501,
    461.1715052436641,
    604.5950159554363,
    494.8415923270341,
    294.4435978438629,
    428.41060946133035,
    354.2334343919817,
    470.04808586602417,
    201.03590819963966,
    454.769033618089,
    398.8838768667884,
    467.3157573237937,
    438.26766214867183,
    296.96923625497794,
    396.2999003708827,
    0.0,
    397.60320790617345,
    410.183091052751,
    334.98414272195504,
    110.3300850374204,
    358.8916698966296,
    543.4995044218376
  ],
  [
    70.88590497479487,
    377.9430178535889,
    140.72251067312538,
    114.02349582001756,
    507.6443770367719,
    527.0983176774971,
    168.76312620894828,
    19.46560828737107,
    142.82832514188897,
    98.87150613760166,
    66.01856961630637,
    381.01287762508787,
    177.20991533104032,
    222.54164414617702,
    466.0333216198566,
    90.62819355366936,
    420.03569776687783,
    388.15027370912134,
    170.87576916299022,
    156.6781998830165,
    72.67968406696043,
    91.75342880930322,
    583.5938408774081,
    33.564005962310794,
    397.60320790617345,
    0.0,
    246.80977312926447,
    66.40583900888228,
    304.7985750401047,
    109.12326815733032,
    178.70760046174624
  ],
  [
    252.9595730320266,
    176.27777178652138,
    301.01839645763516,
    257.9445423529886,
    282.5119223938011,
    300.4897978286871,
    269.5987053225295,
    266.19710979243337,
    259.1645769686453,
    153.43571907871168,
    287.18019361708787,
    195.6716120594514,
    153.2768507832415,
    116.40481915859667,
    239.02881073974595,
    313.3762379869791,
    175.37737406007,
    277.5034172248471,
    112.29174722483936,
    91.21927174278692,
    253.75251095920015,
    180.15223836549023,
    453.518837995383,
    213.87360393065137,
    410.183091052751,
    246.80977312926447,
    0.0,
    258.71745400550924,
    301.1093707567408,
    334.7008340851705,
    229.25674521473837
  ],
  [
    8.476148479814519,
    410.5029728937158,
    74.86809844829355,
    50.13712777569432,
    494.8242464864458,
    514.5389402419605,
    105.73281953782434,
    66.49664197159049,
    80.22032079084113,
    106.86550303135837,
    126.40697025476899,
    417.8906583693084,
    226.3491390092078,
    203.22769132907533,
    455.3155996548093,
    55.70002139615053,
    422.88309001082,
    346.6783015816523,
    208.7535149938589,
    177.3735616948639,
    139.0855014570596,
    142.7659457129906,
    539.2339008982101,
    80.93060192561494,
    334.98414272195504,
    66.40583900888228,
    258.71745400550924,
    0.0,
    247.8783319990928,
    76.62892800409347,
    240.7675826426948
  ],
  [
    240.31548760164702,
    474.72935036087057,
    201.8780776408785,
    198.8188005602747,
    376.35229831628453,
    394.04530456622524,
    145.73333782614355,
    311.8247029837326,
    168.95368861811872,
    253.205656173782,
    370.40581395803025,
    496.29380224321,
    386.2207578346457,
    184.88238556339294,
    351.8162774631127,
    279.39716348917943,
    377.4265680768322,
    144.63554737202244,
    345.3193771499917,
    289.24213292545625,
    370.6978120650662,
    334.19638492222845,
    308.39820214468756,
    298.18185819758565,
    110.3300850374204,
    304.7985750401047,
    301.1093707567408,
    247.8783319990928,
    0.0,
    289.31081277232255,
    438.1063063594535
  ],
  [
    83.46745801569,
    481.38163451998605,
    87.61714160627557,
    101.8000839253948,
    568.6855793251988,
    588.4158245485264,
    144.9659893064301,
    94.53640755658029,
    126.15070449101756,
    181.74568038616738,
    138.28640649532775,
    486.6566006016357,
    286.05753931978114,
    277.3212803708309,
    529.8827957243152,
    21.36228686081903,
    499.4625247590932,
    405.5621234727044,
    275.9317616286571,
    250.90440944524133,
    169.217380897393,
    200.4141373991289,
    592.7498845331187,
    138.49095988308494,
    358.8916698966296,
    109.12326815733032,
    334.7008340851705,
    76.62892800409347,
    289.31081277232255,
    0.0,
    283.90348979173046
  ],
  [
    242.53196647086406,
    268.6471753268878,
    315.12338204379574,
    280.0765256156745,
    509.4640181094617,
    526.635937757809,
    327.8219214659125,
    189.87939320415822,
    303.5675166215766,
    185.05173949391164,
    155.40531383596849,
    258.61284294811185,
    76.1647349605446,
    287.69448647002366,
    466.09681694418646,
    267.7001899963734,
    389.0740412368093,
    475.3573375245231,
    118.59772826547278,
    165.5840222794674,
    116.36405582778599,
    105.94472205771804,
    666.2489249839639,
    160.5028757044446,
    543.4995044218376,
    178.70760046174624,
    229.25674521473837,
    240.7675826426948,
    438.1063063594535,
    283.90348979173046,
    0.0
  ]
]